0.18939
-0.23267
-0.23267
-0.23267
-0.23267
-0.23267
-0.23267
-0.23267
-0.23267
-0.23267
0.11601
-0.18515
-0.34947
-0.85456
-0.85456
-0.39052
-0.85014
-0.39052
-0.85456
-0.85456
-0.50588
-0.24052
-0.18515
-0.85456
-0.34947
-0.39052
-0.85456
-0.85014
-0.85456
-0.39052
-0.50588
-0.85456
-0.24052
0.31183
-0.35757
0.10646
0.14751
-0.35757
-0.35316
-0.35757
-0.0088899
0.10646
-0.35757
0.25647
-0.18515
-0.39052
-0.85456
-0.85456
-0.34947
-0.35316
-0.50588
-0.85456
-0.85456
-0.39052
-0.24052
0.44706
-0.61299
-0.61299
-0.61299
-0.61299
0.98509
-0.61299
-0.61299
-0.61299
-0.61299
0.46508
-0.18957
-0.85456
-0.85456
-0.85456
-0.50588
-0.35757
-0.34947
-0.85456
-0.85456
-0.85456
-0.85752
0.30742
-0.35757
-0.35757
-0.0088899
-0.35757
-0.35757
-0.35757
0.14751
-0.35757
-0.35757
-0.36054
-0.18957
-0.85456
-0.50588
-0.85456
-0.85456
-0.85456
-0.85456
-0.85456
-0.34947
-0.85456
-0.26295
-0.18957
-0.50588
-0.85456
-0.85456
-0.85456
-0.85456
-0.85456
-0.85456
-0.85456
-0.34947
-0.26295
0.31551
-0.10655
-0.10655
-0.10655
-0.10655
-0.10655
-0.10655
-0.10655
-0.10655
-0.10655
0.24213
