 -8.6666703e-001  2.9051313e-001
  9.2772514e-001 -1.3078195e-001
  4.1278431e-002 -8.3588105e-001
 -7.9015204e-002 -1.1253361e-001
 -7.6896107e-001  2.6797910e-001
  9.3755559e-001 -1.9868813e-002
  8.9490247e-002 -8.2404706e-001
 -5.8263310e-003 -1.6408966e-001
 -8.1576747e-001  2.5038417e-001
  8.6718716e-001 -8.6115295e-002
  1.2317903e-001 -8.9697654e-001
  6.1572345e-002 -2.0560811e-001
 -7.7987545e-001  2.3460369e-001
  8.6118382e-001 -1.0828627e-001
  8.4882164e-002 -7.7345957e-001
 -6.7597590e-003 -1.8548510e-001
 -7.8656534e-001  2.4014384e-001
  8.9973705e-001 -6.2283735e-002
  5.8970056e-002 -8.7542552e-001
 -3.2826669e-003 -1.4386214e-001
 -7.2824351e-001  3.9994711e-001
  9.3940329e-001 -1.5289371e-001
  9.1913550e-002 -8.9537793e-001
 -6.4467529e-002 -1.3006110e-001
 -7.8792614e-001  2.9041212e-001
  8.8565030e-001 -1.2889330e-001
 -1.8248562e-002 -9.4843547e-001
 -7.0949264e-002 -1.8568860e-001
 -8.0337304e-001  3.1157133e-001
  8.4251065e-001 -4.9574403e-002
  9.5105137e-002 -7.9428554e-001
 -3.7769142e-002 -1.6525089e-001
 -8.3840224e-001  3.3598457e-001
  9.5897376e-001 -5.9546987e-002
  2.1235078e-001 -8.7504117e-001
  9.2145939e-003 -2.6325893e-001
 -8.3942836e-001  2.0567993e-001
  8.9915745e-001 -1.5038180e-001
  4.0129703e-002 -9.1214395e-001
 -1.9999750e-002 -1.1755594e-001
 -7.3460867e-001  3.2155166e-001
  8.7651535e-001 -7.5609388e-002
  3.5185850e-002 -9.1419520e-001
 -8.2638303e-002 -2.6022460e-001
 -8.1539208e-001  3.3370710e-001
  9.1486242e-001 -8.4980810e-002
  7.4763383e-002 -8.9494804e-001
  8.2044123e-002 -1.7591681e-001
 -8.8284720e-001  2.8495910e-001
  8.7607638e-001 -9.0649341e-002
  5.4252762e-002 -9.0924006e-001
 -9.9147672e-002 -1.8739407e-001
 -8.8952408e-001  2.9531085e-001
  9.4994080e-001  3.3905497e-002
  9.9749696e-002 -8.4649945e-001
  4.0369420e-002 -1.4347887e-001
 -7.4737304e-001  2.9079703e-001
  9.1109175e-001 -1.1745595e-001
  3.5797921e-002 -8.9678420e-001
  2.8360148e-002 -1.6144101e-001
 -9.0381178e-001  3.9146781e-001
  9.3725883e-001 -1.6181307e-001
  5.5005846e-002 -8.5664129e-001
 -5.0540560e-002 -1.7023581e-001
 -7.9518896e-001  3.5177273e-001
  8.3431395e-001 -1.3610311e-001
  4.1592692e-002 -8.5848638e-001
  5.4982125e-002 -6.8104402e-002
 -7.7506064e-001  3.4069864e-001
  8.9741466e-001 -8.9567526e-002
  3.3754719e-002 -8.4236326e-001
  4.9618856e-002 -1.0012049e-001
 -8.2603724e-001  3.1095602e-001
  9.3609148e-001 -1.1200203e-001
  8.5242876e-002 -8.4926015e-001
  1.3804374e-002 -1.9571658e-001
 -7.4483726e-001  3.4884578e-001
  7.8565839e-001 -1.3919055e-001
  5.7475815e-002 -9.6763710e-001
  6.6123190e-002 -1.5325120e-001
 -7.7980644e-001  2.4362906e-001
  9.1440699e-001  2.6888102e-004
  1.1006298e-001 -8.2739942e-001
  1.7907995e-002 -1.6783833e-001
 -8.6756074e-001  4.0731113e-001
  8.3691401e-001 -6.1723534e-002
  9.3320036e-002 -7.6337504e-001
 -2.8425751e-002 -9.1511436e-002
 -8.3724737e-001  3.1057933e-001
  9.4229508e-001 -1.3198405e-001
  1.0441913e-001 -7.7900057e-001
 -7.8217183e-003 -3.5139579e-002
 -8.4590092e-001  4.3943987e-001
  9.0371374e-001 -7.0992057e-002
  2.8056179e-002 -9.6459425e-001
 -2.8130740e-002 -1.3550138e-001
 -7.7067761e-001  2.1635714e-001
  8.0844041e-001 -1.0640771e-001
  7.6010001e-002 -7.4619525e-001
 -2.7754421e-002 -1.5553890e-001
 -7.6474248e-001  2.7381453e-001
  8.4877481e-001 -1.6419059e-001
  1.3250350e-001 -8.4276851e-001
  7.0014190e-002 -1.8762972e-001
 -7.6168902e-001  4.0256983e-001
  9.3465608e-001 -8.3681621e-002
 -6.7599946e-003 -8.0508811e-001
  2.1919511e-002 -2.0395385e-001
 -7.8557847e-001  4.0682455e-001
  9.2227311e-001 -7.2989612e-002
  1.3816032e-001 -8.6770013e-001
 -7.8927078e-002 -1.9273520e-001
 -7.7434760e-001  2.5450697e-001
  9.7313926e-001 -7.2295596e-002
  7.9703521e-002 -8.4779121e-001
 -1.5767452e-002 -1.9383353e-001
 -7.8866204e-001  3.6508404e-001
  9.8629498e-001 -1.1971503e-001
  1.1412394e-001 -9.1839827e-001
  5.2464972e-002 -1.6417154e-001
