  1.7930574e-001  6.3720327e-001  9.3116190e-001
 -8.9250782e-001 -8.4227445e-001 -1.2762113e-001
 -6.3762400e-001 -2.9371798e-001  3.5857356e-001
  7.9681352e-001 -1.5222982e-001  5.9941946e-001
 -5.6250435e-001  7.6844421e-001 -5.3292926e-001
  2.1940766e-001  9.8031349e-001  8.2486452e-001
 -1.1082449e+000 -8.7556770e-001 -2.9079948e-001
 -9.9789563e-001 -3.2066491e-001  3.4594756e-001
  8.9713095e-001 -2.9917262e-001  6.0162188e-001
 -7.7809917e-001  5.1159724e-001 -5.8390115e-001
  1.3083334e-001  9.5906264e-001  8.0908092e-001
 -8.9163508e-001 -6.0128251e-001 -3.1793917e-001
 -7.1029754e-001 -4.0707620e-001  4.6315384e-001
  1.0013049e+000 -3.6650875e-001  6.5952894e-001
 -9.0365896e-001  8.5827765e-001 -3.8114664e-001
  2.1516128e-001  8.6001464e-001  8.7380641e-001
 -1.1636167e+000 -8.7437394e-001 -8.9039001e-002
 -9.3618237e-001 -4.6358131e-001  1.6797710e-001
  6.9415141e-001 -3.9807051e-001  7.1254143e-001
 -6.7854989e-001  7.5466215e-001 -6.4423031e-001
  1.7091366e-001  9.6877125e-001  8.2479600e-001
 -9.5794564e-001 -7.8171123e-001 -1.6734590e-003
 -8.5188257e-001 -3.7622121e-001  4.2731560e-001
  1.0899751e+000 -1.6550553e-001  4.5961214e-001
 -8.0958237e-001  6.6609472e-001 -3.4091268e-001
  2.1216774e-001  8.3123380e-001  8.0486244e-001
 -8.9751290e-001 -6.9080786e-001 -2.4001968e-001
 -7.9594686e-001 -3.6261618e-001  2.5361466e-001
  8.7988714e-001 -2.6040151e-001  4.4202429e-001
 -9.2718527e-001  7.7562627e-001 -5.0320386e-001
  2.7514414e-001  7.2137004e-001  1.1454224e+000
 -1.0382270e+000 -6.6997175e-001 -2.0308112e-001
 -6.7661695e-001 -4.7969068e-001  1.3718000e-001
  9.4159334e-001 -1.3639568e-001  7.0159890e-001
 -8.5808417e-001  6.6030156e-001 -3.9402349e-001
  3.3998163e-001  5.8182405e-001  9.3560241e-001
 -8.7583420e-001 -8.9338456e-001  3.0705532e-002
 -7.4272071e-001 -4.7762791e-001  3.2676434e-001
  9.4208110e-001 -2.1822586e-001  8.1486358e-001
 -8.0089533e-001  7.0633109e-001 -4.8807498e-001
  1.3799892e-001  8.1115853e-001  8.7758979e-001
 -9.3033797e-001 -7.4292365e-001 -3.4870763e-001
 -9.2678566e-001 -1.9555266e-001  4.2008921e-001
  9.7863722e-001 -2.9838512e-001  5.8626293e-001
 -6.3315711e-001  6.5064535e-001 -4.6485999e-001
  2.2276388e-001  7.4475093e-001  1.0194384e+000
 -1.0651312e+000 -8.5274966e-001 -5.8386772e-002
 -9.4765985e-001 -5.5900510e-001  2.6039921e-001
  8.2328817e-001 -1.3111631e-001  6.8319778e-001
 -7.0789471e-001  7.2556031e-001 -4.7542819e-001
  8.0094068e-002  7.4143288e-001  1.0603761e+000
 -9.5022079e-001 -7.9880895e-001 -1.1092384e-001
 -8.8236158e-001 -2.4325794e-001  4.9451357e-001
  9.5080611e-001 -4.7013013e-002  7.0245706e-001
 -7.6587081e-001  7.5378347e-001 -6.2627665e-001
  2.9269991e-001  9.6642648e-001  9.0828268e-001
 -9.8645689e-001 -8.2358143e-001 -1.2532155e-001
 -9.6065458e-001 -4.0284656e-001  3.3427792e-001
  9.9124257e-001 -1.9101511e-001  5.2558736e-001
 -8.5789372e-001  6.3894910e-001 -5.0063923e-001
  3.0866457e-001  8.4292912e-001  1.0016047e+000
 -8.5350337e-001 -5.7949879e-001 -2.6252951e-001
 -7.1442950e-001 -2.6239733e-001  4.2976103e-001
  1.0055252e+000 -1.8659249e-001  7.7494988e-001
 -6.4996982e-001  5.1154976e-001 -5.3177119e-001
  2.5317123e-001  7.3457564e-001  1.0135633e+000
 -9.4110047e-001 -8.7677140e-001 -2.8315413e-001
 -8.0748602e-001 -5.1034515e-001  3.5544852e-001
  9.0907527e-001 -1.8389987e-001  5.8292312e-001
 -7.2520864e-001  5.8061537e-001 -3.8649664e-001
  3.1995787e-001  9.5342039e-001  9.8564794e-001
 -9.2911156e-001 -8.1324461e-001 -2.2019405e-001
 -7.2547832e-001 -4.2204135e-001  4.0327580e-001
  9.5322395e-001 -4.3499061e-002  6.3726886e-001
 -8.2993092e-001  4.7433497e-001 -4.5963975e-001
  2.1656368e-001  8.5047373e-001  7.1535233e-001
 -1.2416927e+000 -7.2909317e-001 -3.1877161e-001
 -7.6133921e-001 -5.8939180e-001  3.2102588e-001
  1.0050506e+000 -3.3267857e-001  8.8175746e-001
 -8.1755604e-001  9.2519843e-001 -8.6198985e-001
  4.3238356e-001  8.1799275e-001  9.2451767e-001
 -8.4176431e-001 -6.3978023e-001 -2.4286698e-001
 -9.0003840e-001 -4.9822953e-001  3.7570711e-001
  8.4881099e-001 -2.6718445e-001  7.2316976e-001
 -8.6201923e-001  6.0218678e-001 -6.9831750e-001
  2.1101570e-001  7.6840936e-001  9.5549850e-001
 -9.8707963e-001 -6.8384473e-001 -9.9724742e-002
 -9.0914575e-001 -3.7943186e-001  2.0267551e-001
  9.4549877e-001 -2.1142079e-001  6.1839163e-001
 -7.0823009e-001  6.6003137e-001 -4.5612570e-001
  2.3845162e-001  7.0882731e-001  9.1545442e-001
 -9.3569861e-001 -7.0145603e-001 -2.4927970e-001
 -9.5244897e-001 -2.7509112e-001  1.8878704e-001
  1.0437046e+000 -3.0412686e-001  6.9850072e-001
 -8.8925953e-001  6.9124722e-001 -6.5064499e-001
  2.1099501e-001  7.9621308e-001  9.1327563e-001
 -1.0162455e+000 -6.6974525e-001 -1.8423986e-001
 -7.8507118e-001 -3.6610196e-001  1.7367773e-001
  9.8144614e-001 -1.9515356e-001  7.3802684e-001
 -6.9150037e-001  5.6471154e-001 -5.4735575e-001
