 -8.3662351e-001 -3.6137267e-001
 -7.7062940e-001 -1.6936017e-001
  2.4417340e-001  7.7271799e-001
  3.2272946e-001 -7.1795095e-001
 -2.1373445e-001  3.3671304e-002
  7.6703591e-001 -1.9414950e-001
 -7.9994506e-001  6.7844121e-002
 -1.0367566e+000  7.8742191e-002
  2.7590713e-001  6.0790744e-001
  3.7497732e-001 -5.2782674e-001
  2.2817650e-001  3.2260750e-001
  9.1560496e-001 -1.3853079e-001
 -8.4219913e-001 -4.5249693e-001
 -7.4416131e-001  1.5870942e-001
  4.7129308e-001  7.0995236e-001
  6.5812680e-001 -5.9544784e-001
 -9.2558348e-002  5.3852382e-002
  8.8601162e-001  8.3696715e-002
 -8.2664907e-001 -4.0391003e-001
 -7.8270796e-001 -7.8476884e-002
  1.7535264e-001  4.0567056e-001
  4.8791524e-001 -5.9215196e-001
  3.3287678e-001 -2.7904547e-001
  8.6417971e-001 -1.8060640e-001
 -5.8899775e-001 -7.2913026e-001
 -9.1540938e-001 -1.9093198e-001
  4.4944265e-001  2.8090463e-001
  4.5658354e-001 -5.0788811e-001
 -6.8437330e-002  2.6233650e-002
  1.2624471e+000 -1.9606229e-001
 -7.4515205e-001 -4.9371087e-001
 -1.0144865e+000 -2.4487245e-001
  9.3046174e-001  5.5763555e-001
  3.5885303e-001 -7.2505313e-001
  2.0901461e-001 -8.4445930e-002
  1.0286763e+000  1.4386227e-001
 -9.4024152e-001 -4.2740710e-001
 -1.0346861e+000  2.7455536e-002
  4.2139173e-001  9.6442956e-001
  7.4612957e-001 -9.0213552e-001
  1.6647832e-001 -2.1362016e-001
  7.0483396e-001 -2.5632249e-001
 -1.0034409e+000 -3.3596810e-001
 -1.1152663e+000  5.9470632e-002
  7.2306482e-001  5.3917495e-001
  4.0395408e-001 -3.3541537e-001
  6.8748148e-002  2.1185518e-001
  8.5490051e-001 -1.1738766e-001
 -3.0557642e-001 -3.3592740e-001
 -9.6647613e-001 -2.7030190e-001
  4.7637851e-001  7.0872453e-001
  7.3650540e-001 -4.4890210e-001
  1.7308540e-002  2.1532128e-001
  1.0153116e+000 -8.6914203e-002
 -4.5843419e-001 -4.4692451e-001
 -1.2553007e+000 -7.9333120e-002
  4.9232456e-001  4.1207762e-001
  7.9275852e-001 -3.9136533e-001
 -1.0505832e-001 -1.5071752e-001
  6.9103132e-001 -3.0508491e-001
 -7.2244190e-001 -4.6618890e-001
 -6.7391092e-001 -2.0139351e-001
  3.9978531e-001  5.8395808e-001
  5.7987659e-001 -5.6500400e-001
 -9.9107014e-002 -2.7651623e-001
  4.7664007e-001 -1.2316686e-001
 -5.6020796e-001 -5.5983667e-001
 -1.3717506e+000  3.1831983e-001
  1.6519469e-001  3.3711250e-001
  5.4361382e-001 -7.4848979e-001
 -9.8346092e-002  7.2867031e-002
  1.0157071e+000 -2.3264940e-001
 -8.3887101e-001 -5.1631407e-001
 -1.0574217e+000  1.9611905e-001
  5.6508197e-001  7.0593573e-001
  5.8191595e-001 -4.8427904e-001
 -2.2486843e-002 -1.2155833e-001
  1.1879322e+000 -2.2740894e-001
 -7.0021281e-001 -1.9826220e-001
 -1.0937793e+000 -1.7543974e-001
  6.8738299e-001  3.7294443e-001
  4.4467761e-001 -4.1580221e-001
  2.0031444e-001 -2.1412581e-004
  1.0409453e+000 -6.0422624e-002
 -1.7307577e-001 -3.2408704e-001
 -7.7437087e-001 -7.1398019e-002
  1.8027579e-001  4.2546473e-001
  5.8560553e-001 -9.9362420e-001
 -7.1136526e-002 -5.2535054e-002
  7.0074865e-001  5.0118945e-002
 -9.7983900e-001 -1.5584187e-001
 -1.2557418e+000 -2.2433398e-001
  3.3874618e-001  5.8649470e-001
  1.4937161e-001 -4.1404760e-001
  5.8299106e-002  2.0776571e-001
  9.1237544e-001 -2.2447056e-001
 -8.3917823e-001 -3.1199112e-001
 -1.0935730e+000  1.9707369e-002
  4.6830941e-001  3.7952537e-001
  1.1849242e-001 -5.3377062e-001
  6.2819251e-002  1.2593176e-001
  7.7511615e-001 -2.3773848e-001
 -9.3442818e-001 -5.2634135e-001
 -1.0073890e+000  9.5596110e-002
  6.4745807e-001  4.5972038e-001
  4.1742171e-001 -9.6565094e-001
  2.2379302e-001 -2.0185512e-002
  1.0689232e+000 -3.6506598e-002
 -6.3016184e-001 -4.2737714e-001
 -1.2479363e+000  1.9294160e-001
  4.0913017e-001  9.4192132e-001
  3.6437874e-001 -5.3919383e-001
  2.0387047e-001 -3.5369992e-002
  1.2445970e+000 -3.4579467e-001
 -4.8392751e-001 -2.9658667e-001
 -1.1066629e+000 -4.1643433e-001
  5.2136601e-001  2.4556572e-001
  5.6404571e-001 -6.8057514e-001
  2.6513895e-001  4.8068055e-002
  6.2687816e-001 -9.2166226e-002
