 -4.1477135e-001 -2.5837989e-001 -7.4050432e-001
 -5.8331452e-001  8.9456909e-001  3.6839263e-001
 -7.5889094e-001 -1.0261128e+000 -2.9431054e-001
  6.4705139e-001 -1.9662832e-001 -4.3733431e-001
 -3.4618826e-001  8.8984770e-001  2.9785069e-001
 -9.2564899e-001 -1.8506342e-001 -5.1521385e-001
 -1.3180847e-001 -4.1411183e-001 -9.0387716e-001
 -7.1610279e-001  7.3022446e-001  4.5837392e-001
 -3.5580383e-001 -1.1890323e+000 -3.3098380e-001
  6.6616419e-001 -4.5862285e-001 -3.6665840e-001
 -9.1482834e-002  5.9949848e-001  2.2234820e-001
 -8.7299595e-001 -7.7205581e-002 -5.1658607e-001
 -6.1303848e-002 -8.5276281e-002 -9.2999290e-001
 -6.4293655e-001  4.9803392e-001  3.4819088e-001
 -3.2984037e-001 -1.0999810e+000 -2.0625007e-001
  8.3182819e-001 -4.5713723e-001 -7.4938953e-001
 -7.2238308e-002  8.3844589e-001  9.2268404e-002
 -8.0729265e-001 -4.1104564e-001 -3.0249015e-001
 -5.4111302e-002 -3.4617902e-001 -1.1782752e+000
 -7.3328402e-001  7.4260969e-001  5.8740545e-001
 -1.8396997e-001 -1.0136366e+000 -3.5697432e-001
  3.8596337e-001 -2.5076442e-001 -6.1255859e-001
  1.8147232e-002  1.0426642e+000  3.3477848e-001
 -7.1232300e-001 -1.7060802e-001 -6.7278149e-001
 -1.2646563e-001 -5.3720249e-001 -9.8445535e-001
 -5.6124904e-001  6.2048377e-001  6.2260493e-001
 -5.1296148e-001 -6.1233708e-001 -3.6209119e-001
  4.0014562e-001 -2.7883344e-001 -6.4596113e-001
 -1.2737288e-001  6.7804038e-001  3.8218174e-001
 -4.2052629e-001 -3.8187661e-001 -4.0952551e-001
  1.4028083e-001 -2.6776108e-001 -7.5100668e-001
 -5.7492548e-001  7.0805723e-001  1.7430197e-001
 -3.3463733e-001 -7.8854198e-001 -3.3972941e-001
  7.7977034e-001 -2.9638513e-001 -9.5868353e-001
 -4.2069819e-002  1.2374196e+000  4.6326527e-001
 -6.4917202e-001 -6.4008370e-001 -2.7699629e-001
  1.2226043e-001 -1.8214873e-001 -7.9666053e-001
 -9.3228088e-001  6.0081251e-001  1.4410150e-001
 -4.6826283e-001 -1.1047971e+000 -2.7711880e-001
  4.8626641e-001 -3.3024603e-001 -5.7050830e-001
 -2.8295619e-001  8.7206619e-001  9.9624036e-002
 -5.6054167e-001 -1.0419135e-001 -6.5234192e-001
 -3.2998777e-002 -4.4176007e-001 -9.0871881e-001
 -5.6898444e-001  1.0324421e+000  2.8403839e-001
 -2.9830127e-001 -1.0810144e+000 -3.7002731e-002
  4.3853362e-001 -3.4801532e-001 -4.8193865e-001
  1.5927115e-002  5.4771308e-001  2.3798558e-001
 -8.8953976e-001  2.1451017e-001 -3.4891397e-001
 -1.1664359e-001 -1.3370148e-001 -1.1551573e+000
 -8.9663323e-001  7.6049241e-001 -2.6323609e-002
 -5.0903981e-001 -8.4073526e-001 -1.2092199e-001
  3.4634290e-001 -4.3617456e-001 -3.5221689e-001
  2.1561701e-002  8.8394925e-001  2.2448990e-001
 -6.5563355e-001 -3.2050629e-002 -2.5687481e-001
 -3.7488085e-001 -3.5767412e-001 -1.1906387e+000
 -7.5709426e-001  5.6730496e-001  4.5488259e-001
 -3.4166638e-001 -7.7091068e-001 -2.4846490e-001
  5.1224690e-001 -8.8391271e-001 -7.8214323e-001
  2.4347120e-001  7.2303570e-001  1.0759444e-001
 -9.8695675e-001 -5.8774026e-001 -2.8982093e-001
 -2.7448694e-001 -3.6484876e-001 -7.6057733e-001
 -3.7143978e-001  2.9376786e-001  6.1226870e-001
 -1.5866020e-001 -1.1894174e+000 -8.4633070e-001
  5.2022296e-001 -6.7882739e-001 -5.3281768e-001
 -4.7743040e-001  5.3275961e-001  2.6431450e-001
 -1.0223261e+000 -2.1032167e-001 -4.0175597e-001
  8.5980242e-003  2.1640931e-001 -9.3432079e-001
 -5.5652679e-001  3.5484431e-002  5.7820456e-001
 -6.6732956e-001 -9.7488195e-001 -4.3683537e-001
  3.0931750e-001 -1.5617581e-001 -5.4012719e-001
  1.2703900e-002  6.0781483e-001  5.8105075e-001
 -1.2161148e+000 -2.7970626e-001 -5.0501323e-001
 -2.5365002e-001 -5.1100772e-001 -6.0473253e-001
 -5.7726109e-001  8.6018694e-001  2.8839063e-001
 -3.3989226e-001 -6.4533481e-001 -3.8557204e-001
  4.6826453e-001 -4.9789926e-001 -7.3903667e-001
 -1.8650610e-001  6.4417919e-001 -6.1614933e-002
 -6.6223951e-001 -1.4486820e-001 -5.4594884e-001
  1.6189818e-001 -2.5950779e-001 -1.2794893e+000
 -7.4196593e-001  7.1181718e-001  4.7679209e-001
 -4.7085520e-001 -8.7956352e-001 -5.8183638e-001
  4.5206597e-001 -3.1335709e-001 -6.7025063e-001
 -1.8135525e-001  4.5391521e-001  6.9157320e-001
 -5.7015756e-001 -4.0340046e-001 -3.9068354e-001
 -1.3899894e-001 -2.5280452e-001 -9.0849328e-001
 -5.7126373e-001  5.0176167e-001  2.4459804e-003
 -2.6945862e-001 -8.7618156e-001 -3.0437338e-001
  7.9765558e-001 -2.5304781e-001 -8.9398501e-001
  5.0374714e-002  9.1041239e-001  5.5173299e-001
 -9.2572474e-001 -1.1171717e-001 -5.1710055e-001
  1.4028667e-001 -2.6220869e-001 -1.1343867e+000
 -7.3295206e-001  7.0618637e-001  4.2560514e-001
 -4.6769428e-001 -8.4163885e-001 -3.2570378e-001
  6.6497731e-001 -2.5092571e-001 -5.0536361e-001
 -1.2339410e-001  6.6340913e-001  2.1700730e-002
 -1.0331900e+000 -4.3439213e-001 -1.4535643e-001
 -2.9326758e-001 -3.6366804e-001 -7.0747595e-001
 -5.1963958e-001  4.0087252e-001  8.5293288e-003
 -5.9011786e-001 -9.2609402e-001 -2.8668877e-001
  2.9945659e-001 -6.0095999e-001 -4.5328088e-001
 -2.7213130e-001  6.4620071e-001  3.8271338e-001
 -8.9503231e-001 -5.4411793e-001 -5.9795091e-001
  1.9858252e-001 -3.4052179e-001 -7.4329975e-001
 -5.3687236e-001  2.1553600e-001  1.4094394e-001
 -2.1654131e-001 -1.1515622e+000 -8.9258664e-002
  7.0140947e-001 -2.9812109e-001 -8.1196850e-001
  2.1483954e-001  6.2424692e-001  3.9531518e-001
 -1.1662555e+000 -6.5661363e-001 -1.3472064e-001
  1.8230879e-002 -2.6686642e-001 -6.0213833e-001
 -7.0402419e-001  2.9854026e-001  2.8916575e-001
 -3.5611808e-001 -1.1183018e+000 -2.0713423e-001
  5.7788121e-001 -8.3387779e-001 -4.3844716e-001
 -1.2368179e-001  7.4678804e-001  1.8534537e-001
 -6.5705115e-001 -1.3745977e-001 -2.9346951e-001
 -3.3137269e-001 -2.7619864e-001 -1.3666816e+000
 -5.1005893e-001  1.0256791e+000  5.0846277e-001
  1.3340452e-001 -9.2582968e-001  2.7875536e-002
  4.4142834e-001 -2.6674831e-001 -5.2348729e-001
 -2.9367009e-001  8.0637649e-001  2.2017989e-001
 -7.7657649e-001  9.8947241e-003 -4.1068553e-001
