 -3.5530094e-001 -3.0625041e-001
  4.2111039e-001 -6.7378211e-001
  7.6914335e-001  3.2476860e-003
  4.8136312e-001  9.2945338e-001
 -3.6020494e-001  5.2716852e-001
 -2.4051864e-001 -3.3964115e-001
  2.8587851e-001 -4.9104061e-001
  6.3762977e-001 -1.4774308e-001
  3.1948760e-001  1.1135095e+000
 -1.2217750e-001  6.3934856e-001
 -3.2442030e-001 -2.5027495e-001
  6.2749858e-001 -5.3692049e-001
  4.5237750e-001 -6.8986609e-002
  6.9138154e-001  9.2282199e-001
 -2.4900131e-001  4.2442351e-001
 -2.5568170e-001 -3.2390891e-001
  4.1971219e-001 -7.3685476e-001
  6.0950962e-001  4.0924114e-002
  4.5826281e-001  9.8817701e-001
 -3.6884307e-001  3.1384775e-001
 -3.5134396e-001 -2.1082166e-001
  4.4566840e-001 -8.5102487e-001
  6.9549459e-001 -4.4203568e-002
  5.6852052e-001  1.0023039e+000
 -2.5702190e-001  4.0115020e-001
 -4.9122209e-001 -2.8812862e-001
  5.5910568e-001 -4.8301492e-001
  4.9408066e-001 -2.8817651e-002
  4.4229050e-001  1.0007974e+000
 -1.9371290e-001  3.6074643e-001
 -4.8799425e-001 -2.3030498e-001
  4.4246926e-001 -6.8799708e-001
  6.0555558e-001  2.2325344e-002
  3.8035002e-001  9.7169335e-001
 -2.0320267e-001  4.9179491e-001
 -2.3264755e-001 -2.6302504e-001
  4.1052917e-001 -7.0147840e-001
  5.7204909e-001  2.5692458e-002
  3.1298737e-001  9.5958588e-001
 -5.3495281e-001  5.3966406e-001
 -3.2724295e-001 -1.6432091e-001
  3.1110292e-001 -6.7005040e-001
  6.3561805e-001 -2.4424605e-001
  2.6644495e-001  9.2370245e-001
 -1.3985230e-001  6.7529324e-001
 -3.7085871e-001 -4.2912355e-001
  4.4114705e-001 -6.2381620e-001
  6.1758651e-001 -4.9898381e-002
  2.6078591e-001  8.3950872e-001
 -1.9307425e-001  4.3819951e-001
 -5.5069684e-001 -2.9039467e-001
  3.3386537e-001 -5.9418741e-001
  6.2324100e-001 -3.5139247e-002
  4.9521699e-001  8.8687887e-001
 -2.6505133e-001  4.5002123e-001
 -3.1861316e-001 -7.0271727e-002
  4.4603770e-001 -6.7278869e-001
  6.3055918e-001 -1.2892333e-001
  2.7144550e-001  1.0376153e+000
 -3.1977750e-001  5.0033775e-001
 -3.8224117e-001 -3.0720932e-001
  4.3794154e-001 -5.9143652e-001
  6.4279053e-001 -5.4165082e-002
  3.4395196e-001  1.1203848e+000
 -1.5508026e-001  2.0392273e-001
 -5.9616407e-001 -2.1998761e-001
  3.2739111e-001 -7.8634819e-001
  8.9159745e-001 -1.5798373e-001
  3.2223751e-001  1.0200583e+000
 -3.4800370e-001  3.4729926e-001
 -5.2885634e-001 -3.1778259e-001
  4.6538300e-001 -8.1254854e-001
  6.1877360e-001 -6.8805397e-002
  4.0998556e-001  1.0883689e+000
 -2.1066835e-001  7.5365070e-001
 -5.1239554e-001 -2.4288932e-001
  4.9236758e-001 -7.2097572e-001
  6.8020545e-001  9.9626040e-002
  5.2457930e-001  1.0781165e+000
 -2.9741247e-001  4.9135541e-001
 -4.3963780e-001 -2.7413674e-001
  4.0364440e-001 -5.6355040e-001
  6.7088899e-001 -7.0115456e-002
  4.0657794e-001  9.6549828e-001
 -3.9150538e-001  5.3731679e-001
 -2.7112082e-001 -3.6094626e-001
  5.8365319e-001 -7.1268467e-001
  6.4471337e-001 -3.2137233e-002
  4.1994554e-001  9.7516374e-001
 -3.9189474e-001  4.5945518e-001
 -3.2570928e-001 -7.2014305e-002
  4.2168172e-001 -5.0246797e-001
  5.8937539e-001 -1.9750218e-001
  3.7217553e-001  9.3323947e-001
 -2.1282755e-001  3.2810917e-001
 -3.9984785e-001 -3.6888229e-001
  1.3817664e-001 -6.3806574e-001
  5.4162720e-001  4.5992975e-002
  4.1478059e-001  1.1051709e+000
 -1.7038640e-001  6.7434371e-001
