 -8.8671869e-001 -3.0810387e-001  1.3209267e-001
 -7.3096874e-001  7.0112747e-001 -3.3841010e-001
 -1.4302075e-002 -1.0336270e-001 -4.8133364e-001
  9.3956533e-001  9.7589266e-001  9.8610799e-001
 -8.4766302e-001 -3.4218729e-001  2.1727329e-001
 -7.6243802e-001  6.9357342e-001 -3.5469072e-001
 -1.2875583e-001 -1.1777247e-001 -4.6614006e-001
  8.9344865e-001  9.1242297e-001  9.3730092e-001
 -8.8231878e-001 -3.0193194e-001  1.1534825e-001
 -7.1118672e-001  7.3950039e-001 -3.5140514e-001
 -6.7831384e-003 -1.3921937e-001 -5.5120709e-001
  9.8233237e-001  9.3860410e-001  8.9588381e-001
 -8.5795100e-001 -2.9762334e-001  6.8907836e-002
 -6.5694117e-001  7.6309720e-001 -3.7638017e-001
  7.1275695e-002 -1.4523375e-001 -4.9630447e-001
  9.7261333e-001  8.7596019e-001  9.0403467e-001
 -7.9297808e-001 -3.7623283e-001  7.3106901e-002
 -8.0434225e-001  7.1398618e-001 -3.3134056e-001
 -1.0130527e-001 -8.7989069e-002 -5.7510741e-001
  1.0544475e+000  9.3045193e-001  7.4187053e-001
 -8.6548949e-001 -3.3835969e-001  1.6685656e-001
 -8.0910675e-001  7.5208806e-001 -4.0675102e-001
  4.2016591e-002 -1.1915707e-001 -4.7635393e-001
  9.7007577e-001  8.5405093e-001  8.2845388e-001
 -8.1181679e-001 -3.3372351e-001  1.9015188e-001
 -8.0316890e-001  7.3239919e-001 -3.4916977e-001
 -8.9333419e-002 -1.8104722e-001 -4.7006509e-001
  1.0003283e+000  8.3140432e-001  9.3757484e-001
 -8.8371086e-001 -3.6146268e-001  1.6503032e-001
 -7.4445767e-001  7.5234502e-001 -3.5904950e-001
 -3.8894821e-002 -1.3206941e-001 -4.7429878e-001
  9.7684290e-001  9.0332568e-001  8.6416041e-001
 -8.4159240e-001 -3.3132924e-001  1.8375367e-001
 -6.8695236e-001  6.9289956e-001 -4.0730654e-001
  6.1779747e-002 -1.4923589e-001 -5.8169316e-001
  9.8042379e-001  9.3866918e-001  8.3585182e-001
 -9.5310603e-001 -3.3230873e-001  1.0140754e-001
 -6.5562145e-001  7.1641125e-001 -3.3888274e-001
  1.5009156e-002 -1.6466344e-001 -5.0087467e-001
  9.8628899e-001  8.2197700e-001  9.0082857e-001
 -8.6560290e-001 -2.7924965e-001  1.2583649e-001
 -7.3332106e-001  7.1759619e-001 -4.5135263e-001
 -1.2995115e-002 -1.6707719e-001 -4.3681236e-001
  8.8483208e-001  9.3230790e-001  9.1884051e-001
 -9.2630707e-001 -3.5793426e-001  2.1649044e-001
 -6.7632135e-001  6.8558591e-001 -3.4950867e-001
 -4.4291974e-002 -8.7915847e-002 -4.4363244e-001
  9.9634695e-001  9.7331961e-001  9.6825214e-001
 -7.9816966e-001 -2.9352742e-001  2.4108732e-001
 -7.4247156e-001  7.4970169e-001 -2.7214039e-001
 -6.1276785e-002 -1.6522021e-001 -5.1227529e-001
  9.3596686e-001  9.3001818e-001  8.3556603e-001
 -9.2105621e-001 -2.5703607e-001  1.6450135e-001
 -7.1839719e-001  8.0955890e-001 -3.6478192e-001
 -1.1930559e-001 -2.3444967e-001 -5.2986083e-001
  1.0589878e+000  9.0961134e-001  9.5136511e-001
 -9.2190017e-001 -3.0400111e-001  1.2107826e-001
 -7.4540003e-001  6.5127270e-001 -3.3329064e-001
 -3.0082625e-002 -9.3688472e-002 -4.3000220e-001
  8.7773940e-001  1.0216461e+000  8.8086688e-001
 -8.5955995e-001 -3.4279739e-001  1.5263768e-001
 -7.5353279e-001  7.4571221e-001 -2.7263334e-001
 -9.9152165e-003 -1.5131973e-001 -4.8402556e-001
  1.0475400e+000  9.1278227e-001  8.9779638e-001
 -8.0827785e-001 -3.0508534e-001  2.2646693e-001
 -8.1077503e-001  7.6192172e-001 -2.9734073e-001
 -2.8829553e-002 -1.6505529e-001 -5.4030890e-001
  9.6111255e-001  9.5842958e-001  9.3614888e-001
 -8.2894582e-001 -4.0127243e-001  1.8312855e-001
 -7.3008990e-001  7.5838812e-001 -3.5223488e-001
 -8.8305468e-002 -1.1725288e-001 -3.6204922e-001
  9.6037836e-001  1.0373327e+000  8.3077164e-001
 -8.3019046e-001 -3.4324541e-001  1.9519879e-001
 -7.0741979e-001  6.9230297e-001 -3.6381741e-001
 -4.9631899e-002 -1.8917361e-001 -4.2441726e-001
  8.8748144e-001  9.3719018e-001  8.7760975e-001
 -8.7617035e-001 -4.3611995e-001  1.7020700e-001
 -7.1287523e-001  6.9726772e-001 -3.3006057e-001
 -5.0296077e-002 -1.1259647e-001 -4.8663357e-001
  9.0115160e-001  9.5096345e-001  9.2570307e-001
 -9.0526341e-001 -3.1253673e-001  1.4761724e-001
 -6.9305764e-001  7.3935828e-001 -3.2090064e-001
  1.2154906e-002 -5.8645571e-002 -4.4298509e-001
  9.6037467e-001  1.0030887e+000  8.8612265e-001
 -7.9837318e-001 -4.4806044e-001  2.2999020e-001
 -7.3216184e-001  6.6080413e-001 -3.7654180e-001
 -3.2326840e-002 -1.3110911e-001 -5.1464032e-001
  1.0038685e+000  9.2757001e-001  8.6333834e-001
 -8.5821566e-001 -3.8830558e-001  6.5628107e-002
 -6.8466159e-001  6.5342192e-001 -3.3394788e-001
  1.9498305e-002 -1.0792154e-001 -5.3251953e-001
  9.2631613e-001  9.3055723e-001  9.0169252e-001
 -8.7655977e-001 -2.8326472e-001  6.3430639e-002
 -8.0984473e-001  7.3868044e-001 -4.4151541e-001
  2.2156691e-002 -1.2346724e-001 -4.4634080e-001
  9.9617450e-001  8.6711952e-001  8.9604605e-001
 -9.0179653e-001 -2.9500985e-001  7.9683512e-002
 -7.5418739e-001  8.4385187e-001 -3.6235878e-001
 -8.3159842e-003 -2.2564454e-001 -4.6879213e-001
  8.9812297e-001  9.4474917e-001  9.2431387e-001
 -8.4018287e-001 -3.6901096e-001  1.9336902e-001
 -7.4010353e-001  7.1384729e-001 -3.1015642e-001
  5.7581413e-002 -1.9069026e-001 -4.7083551e-001
  9.2546143e-001  9.2390822e-001  8.5405232e-001
 -9.5692369e-001 -3.9788317e-001  1.8062818e-001
 -8.4945179e-001  6.9519256e-001 -3.5964420e-001
 -2.3137657e-002 -1.9644656e-001 -4.4198609e-001
  1.0234958e+000  8.9130849e-001  8.8528655e-001
 -8.2695407e-001 -3.3533025e-001  1.2791857e-001
 -6.8345043e-001  7.0453332e-001 -3.3978011e-001
 -1.0645577e-001 -2.2872304e-001 -5.1825452e-001
  9.4901210e-001  9.4777529e-001  9.4529496e-001
 -8.9523863e-001 -3.6502103e-001  1.4318920e-001
 -6.8120457e-001  7.1701805e-001 -3.1544008e-001
  1.9434474e-003 -1.4423493e-001 -4.8148388e-001
  9.4120714e-001  8.3286480e-001  7.9548712e-001
 -7.7392823e-001 -3.0928867e-001  1.7458268e-001
 -7.2963912e-001  6.8920234e-001 -2.9583748e-001
 -1.2187704e-002 -1.9088897e-001 -4.3030036e-001
  9.5658609e-001  9.3519542e-001  8.8257459e-001
