  2.8138700e-001  3.6391000e-001  8.0400900e-001  2.3676000e-001  6.4352700e-001  9.1787400e-002  2.6115200e-001  0.0000000e+000  0.0000000e+000
  2.6075500e-001  3.4135300e-001  7.7282900e-001  4.6729000e-001  5.4596600e-001  1.0628000e-001  2.5557600e-001  0.0000000e+000  0.0000000e+000
  3.4855100e-001  4.7518800e-001  7.8619200e-001  3.2087200e-001  3.7523500e-001  8.2125600e-002  3.1133800e-001  3.4920600e-002  0.0000000e+000
  2.4934200e-001  5.7594000e-001  0.0000000e+000  5.2648000e-001  6.5290800e-001  0.0000000e+000  2.8717500e-001  4.9841300e-001  1.3725500e-001
  3.4679500e-001  4.9172900e-001  5.3229400e-001  3.9563900e-001  4.8030000e-001  0.0000000e+000  3.8475800e-001  0.0000000e+000  0.0000000e+000
  4.4073700e-001  3.3684200e-001  7.3496700e-002  3.8006200e-001  6.7167000e-001  2.0934000e-002  5.4275100e-001  0.0000000e+000  5.4902000e-001
  3.5250200e-001  4.9774400e-001  7.9732700e-001  3.3644900e-001  4.2589100e-001  9.0177100e-002  2.6672900e-001  0.0000000e+000  0.0000000e+000
  2.8094800e-001  2.9774400e-001  7.6169300e-001  2.8348900e-001  6.3602300e-001  9.5008100e-002  2.9832700e-001  0.0000000e+000  0.0000000e+000
  2.2475900e-001  3.4135300e-001  7.9732700e-001  3.8940800e-001  5.6660400e-001  9.8228700e-002  2.4256500e-001  0.0000000e+000  0.0000000e+000
  2.8577700e-001  3.7293200e-001  8.2182600e-001  3.1152600e-001  5.2532800e-001  9.1787400e-002  2.5929400e-001  0.0000000e+000  0.0000000e+000
  3.3099200e-001  3.6992500e-001  7.5055700e-001  2.7725900e-001  5.4596600e-001  9.1787400e-002  3.1598500e-001  0.0000000e+000  3.1372500e-001
  2.9324000e-001  2.9473700e-001  7.8841900e-001  3.2710300e-001  5.8911800e-001  9.1787400e-002  3.0855000e-001  0.0000000e+000  0.0000000e+000
  2.1861300e-001  4.7969900e-001  7.8396400e-001  2.9906500e-001  5.7598500e-001  5.9581300e-002  2.3327100e-001  0.0000000e+000  2.7451000e-001
  4.8814700e-001  5.1729300e-001  8.4855200e-001  1.5264800e-001  2.8893100e-001  0.0000000e+000  3.9591100e-001  0.0000000e+000  0.0000000e+000
  3.1475000e-001  3.9097700e-001  7.4387500e-001  3.8940800e-001  4.3714800e-001  9.0177100e-002  3.3085500e-001  0.0000000e+000  0.0000000e+000
  1.0000000e+000  2.3609000e-001  0.0000000e+000  2.2118400e-001  6.5666000e-002  1.9323700e-002  1.0000000e+000  0.0000000e+000  4.7058800e-001
  2.6514500e-001  6.0451100e-001  0.0000000e+000  5.3271000e-001  6.0225100e-001  0.0000000e+000  2.8810400e-001  5.0476200e-001  1.5686300e-001
  2.4539100e-001  3.2180500e-001  7.9287300e-001  4.2056100e-001  6.2476500e-001  1.0467000e-001  2.3791800e-001  0.0000000e+000  0.0000000e+000
  3.2001800e-001  3.7894700e-001  8.3741600e-001  3.2087200e-001  4.8592900e-001  9.3397700e-002  2.7788100e-001  0.0000000e+000  0.0000000e+000
  2.4231800e-001  3.3233100e-001  8.0400900e-001  3.0218100e-001  5.5159500e-001  9.0177100e-002  2.9461000e-001  0.0000000e+000  0.0000000e+000
  9.0430200e-002  3.4135300e-001  0.0000000e+000  8.5046700e-001  1.6697900e-001  1.0000000e+000  1.3940500e-001  0.0000000e+000  0.0000000e+000
  6.5803300e-001  4.4661700e-001  0.0000000e+000  3.3333300e-001  2.6829300e-001  3.0595800e-002  7.4442400e-001  0.0000000e+000  1.9607800e-001
  2.5417000e-001  3.2030100e-001  7.9732700e-001  3.1775700e-001  5.2532800e-001  9.8228700e-002  3.1226800e-001  0.0000000e+000  0.0000000e+000
  5.9701500e-001  1.0827100e-001  0.0000000e+000  4.9532700e-001  4.4652900e-001  1.3043500e-001  7.2583600e-001  0.0000000e+000  6.6666700e-001
  2.8665500e-001  2.7518800e-001  7.8396400e-001  3.5514000e-001  6.2664200e-001  9.1787400e-002  2.8903300e-001  0.0000000e+000  0.0000000e+000
  2.3309900e-001  4.0300800e-001  7.9064600e-001  2.9906500e-001  5.6285200e-001  1.0950100e-001  2.4814100e-001  0.0000000e+000  0.0000000e+000
  2.1510100e-001  3.2631600e-001  7.6614700e-001  3.6137100e-001  6.0975600e-001  7.0853500e-002  2.6394100e-001  0.0000000e+000  0.0000000e+000
  1.7252000e-001  6.6466200e-001  0.0000000e+000  6.1059200e-001  6.9230800e-001  0.0000000e+000  2.7044600e-001  2.0000000e-001  0.0000000e+000
  3.5601400e-001  3.7142900e-001  7.4164800e-001  3.0841100e-001  4.7842400e-001  9.6618400e-002  3.4479600e-001  0.0000000e+000  2.1568600e-001
  2.3836700e-001  6.1203000e-001  0.0000000e+000  5.2959500e-001  6.1913700e-001  0.0000000e+000  2.6487000e-001  5.4285700e-001  0.0000000e+000
  2.1729600e-001  3.9097700e-001  7.8619200e-001  3.2710300e-001  5.3658500e-001  9.0177100e-002  2.6951700e-001  0.0000000e+000  0.0000000e+000
  2.8050900e-001  4.0000000e-001  8.1514500e-001  2.8037400e-001  5.5909900e-001  9.1787400e-002  2.6394100e-001  0.0000000e+000  2.1568600e-001
  2.1685700e-001  6.4360900e-001  0.0000000e+000  6.9158900e-001  6.0788000e-001  8.0515300e-003  3.1598500e-001  1.6825400e-001  0.0000000e+000
  4.5522400e-001  3.4887200e-001  8.1291800e-001  1.8068500e-001  4.7091900e-001  3.0595800e-002  4.1078100e-001  0.0000000e+000  3.3333300e-001
  2.0763800e-001  3.5939800e-001  7.5946500e-001  4.0186900e-001  6.4728000e-001  1.1272100e-002  2.7509300e-001  0.0000000e+000  3.7254900e-001
  4.3283600e-001  4.3759400e-001  1.0000000e+000  2.5233600e-001  3.6960600e-001  9.6618400e-003  3.0855000e-001  0.0000000e+000  0.0000000e+000
  2.0983300e-001  3.5488700e-001  7.9955500e-001  3.8317800e-001  6.1726100e-001  1.0789000e-001  2.2304800e-001  0.0000000e+000  0.0000000e+000
  2.3266000e-001  4.0751900e-001  8.0400900e-001  3.8940800e-001  4.8405300e-001  1.0628000e-001  2.4163600e-001  0.0000000e+000  0.0000000e+000
  6.8129900e-001  4.9022600e-001  8.2405300e-001  1.3084100e-001  3.3020600e-001  3.2206100e-003  4.0799300e-001  0.0000000e+000  1.9607800e-001
  1.9842000e-001  3.8496200e-001  7.6837400e-001  2.8660400e-001  5.4971900e-001  9.0177100e-002  2.9182200e-001  0.0000000e+000  0.0000000e+000
  1.7515400e-001  6.1954900e-001  0.0000000e+000  6.6355100e-001  7.3358300e-001  0.0000000e+000  2.7509300e-001  1.7777800e-001  0.0000000e+000
  2.3046500e-001  2.7368400e-001  7.7505600e-001  4.9221200e-001  6.4165100e-001  1.0144900e-001  2.4628300e-001  0.0000000e+000  1.7647100e-001
  4.1834900e-001  4.2406000e-001  4.6547900e-001  4.2990700e-001  4.4465300e-001  8.5346200e-002  3.8475800e-001  8.5714300e-002  3.3333300e-001
  4.1396000e-001  3.1879700e-001  3.5857500e-001  5.8567000e-001  4.4465300e-001  1.2238300e-001  3.9684000e-001  7.6190500e-002  1.0000000e+000
  2.8665500e-001  2.8872200e-001  7.9287300e-001  3.1464200e-001  6.1350800e-001  9.8228700e-002  3.0297400e-001  0.0000000e+000  2.7451000e-001
  3.0640900e-001  4.0601500e-001  8.8641400e-001  2.7725900e-001  5.0281400e-001  9.3397700e-002  2.5278800e-001  0.0000000e+000  0.0000000e+000
  3.1343300e-001  5.6090200e-001  4.9888600e-001  4.1433000e-001  4.8217600e-001  0.0000000e+000  3.5594800e-001  0.0000000e+000  0.0000000e+000
  8.8235300e-002  3.4436100e-001  0.0000000e+000  8.5669800e-001  1.2570400e-001  1.0000000e+000  1.4219300e-001  0.0000000e+000  0.0000000e+000
  2.2080800e-001  4.2105300e-001  7.9064600e-001  3.8940800e-001  5.9662300e-001  6.2801900e-002  2.1840100e-001  0.0000000e+000  0.0000000e+000
  2.6163300e-001  3.2481200e-001  8.0623600e-001  3.9875400e-001  5.9099400e-001  9.8228700e-002  2.4907100e-001  0.0000000e+000  0.0000000e+000
  2.3617200e-001  1.8345900e-001  0.0000000e+000  2.8037400e-001  1.0075000e+000  4.3478300e-001  3.2527900e-001  0.0000000e+000  0.0000000e+000
  3.0421400e-001  4.0601500e-001  6.3919800e-001  2.8037400e-001  5.6848000e-001  8.8566800e-002  3.3457200e-001  0.0000000e+000  0.0000000e+000
  3.5118500e-001  3.0075200e-001  4.1202700e-001  4.8909700e-001  5.4033800e-001  9.6618400e-002  4.3308600e-001  0.0000000e+000  0.0000000e+000
  2.4012300e-001  3.1879700e-001  7.8173700e-001  3.5825500e-001  6.0037500e-001  1.0950100e-001  2.6022300e-001  1.9047600e-002  4.9019600e-001
  2.3046500e-001  5.4736800e-001  0.0000000e+000  7.6324000e-001  5.7035600e-001  0.0000000e+000  3.7360600e-001  1.7142900e-001  0.0000000e+000
  1.8261600e-001  5.4887200e-001  0.0000000e+000  7.3831800e-001  6.1726100e-001  6.4412200e-003  3.3921900e-001  2.0317500e-001  0.0000000e+000
  4.6356500e-001  1.2481200e-001  4.1870800e-001  3.9563900e-001  5.7223300e-001  7.5684400e-002  5.5576200e-001  0.0000000e+000  0.0000000e+000
  3.7489000e-001  2.8721800e-001  0.0000000e+000  4.2367600e-001  7.3921200e-001  6.1191600e-002  5.6691400e-001  0.0000000e+000  0.0000000e+000
  3.0553100e-001  3.9097700e-001  8.5746100e-001  2.9906500e-001  5.5722300e-001  8.3735900e-002  2.5000000e-001  0.0000000e+000  0.0000000e+000
  4.2405600e-001  4.5864700e-001  5.0779500e-001  3.5514000e-001  4.0900600e-001  7.8905000e-002  4.1078100e-001  0.0000000e+000  3.3333300e-001
  2.9762900e-001  3.0977400e-001  7.7951000e-001  2.5856700e-001  6.0412800e-001  1.0306000e-001  3.1040900e-001  0.0000000e+000  0.0000000e+000
  3.4108900e-001  4.1052600e-001  8.5300700e-001  3.0218100e-001  5.1407100e-001  9.1787400e-002  2.5836400e-001  0.0000000e+000  2.7451000e-001
  6.7998200e-001  7.5188000e-002  0.0000000e+000  1.4953300e-001  6.3789900e-001  0.0000000e+000  8.5966500e-001  0.0000000e+000  0.0000000e+000
  2.9367900e-001  2.9323300e-001  8.1737200e-001  2.7102800e-001  6.1913700e-001  9.8228700e-002  3.0390300e-001  0.0000000e+000  0.0000000e+000
  1.8876200e-001  5.1278200e-001  0.0000000e+000  7.4454800e-001  6.7167000e-001  1.2882400e-002  3.3829000e-001  1.9365100e-001  9.8039200e-002
  2.8050900e-001  4.1353400e-001  8.3296200e-001  2.7414300e-001  5.9662300e-001  9.5008100e-002  2.4163600e-001  0.0000000e+000  0.0000000e+000
  3.0860400e-001  4.4962400e-001  0.0000000e+000  8.4112100e-002  8.7054400e-001  0.0000000e+000  5.1672900e-001  0.0000000e+000  0.0000000e+000
  5.6848100e-001  4.6616500e-001  6.4588000e-001  2.7414300e-001  2.5140700e-001  1.2882400e-002  4.9814100e-001  0.0000000e+000  0.0000000e+000
  3.1694500e-001  3.6240600e-001  6.3251700e-001  3.0841100e-001  5.7035600e-001  8.8566800e-002  3.3829000e-001  0.0000000e+000  0.0000000e+000
  4.7453900e-001  5.4586500e-001  8.5746100e-001  1.8691600e-001  2.9080700e-001  2.4154600e-002  3.4572500e-001  0.0000000e+000  0.0000000e+000
  4.6619800e-001  4.5413500e-001  2.2494400e-001  3.3333300e-001  4.4652900e-001  5.3140100e-002  5.3066900e-001  0.0000000e+000  0.0000000e+000
  2.8709400e-001  2.5864700e-001  6.0356300e-001  3.1152600e-001  7.2983100e-001  9.0177100e-002  3.3736100e-001  0.0000000e+000  4.7058800e-001
  2.6997400e-001  2.4360900e-001  6.0579100e-001  4.1744500e-001  5.7410900e-001  1.1272100e-001  3.5316000e-001  0.0000000e+000  0.0000000e+000
  4.0737500e-001  3.9849600e-001  0.0000000e+000  3.4579400e-001  4.5778600e-001  5.3140100e-002  6.5706300e-001  0.0000000e+000  0.0000000e+000
  3.5162400e-001  5.1428600e-001  0.0000000e+000  5.6074800e-001  5.4971900e-001  0.0000000e+000  5.0650600e-001  0.0000000e+000  0.0000000e+000
  3.8586500e-001  3.8195500e-001  0.0000000e+000  4.5794400e-001  6.0412800e-001  7.5684400e-002  5.4739800e-001  0.0000000e+000  0.0000000e+000
  2.9104500e-001  3.7293200e-001  6.2583500e-001  3.1152600e-001  5.9474700e-001  8.2125600e-002  3.3364300e-001  0.0000000e+000  1.7647100e-001
  2.8446000e-001  2.8270700e-001  7.9955500e-001  3.1775700e-001  6.5290800e-001  9.3397700e-002  2.8531600e-001  0.0000000e+000  0.0000000e+000
  2.9587400e-001  3.6992500e-001  8.6859700e-001  3.1464200e-001  4.7279500e-001  8.8566800e-002  2.7974000e-001  0.0000000e+000  5.4902000e-001
  3.6084300e-001  4.6015000e-001  5.3674800e-001  2.8037400e-001  5.5347100e-001  0.0000000e+000  4.0334600e-001  0.0000000e+000  0.0000000e+000
  2.3178200e-001  2.1503800e-001  7.8396400e-001  3.3021800e-001  5.7786100e-001  9.1787400e-002  2.8810400e-001  0.0000000e+000  0.0000000e+000
  2.4056200e-001  3.3082700e-001  7.8841900e-001  4.1433000e-001  5.9099400e-001  1.0306000e-001  2.4163600e-001  0.0000000e+000  4.1176500e-001
  4.4424900e-001  5.3985000e-001  8.6859700e-001  1.6822400e-001  3.1707300e-001  0.0000000e+000  3.7732300e-001  0.0000000e+000  0.0000000e+000
  2.8972800e-001  3.1879700e-001  7.7505600e-001  2.9283500e-001  5.9287100e-001  9.8228700e-002  2.9089200e-001  2.8571400e-002  4.3137300e-001
  2.0851600e-001  3.4436100e-001  7.9732700e-001  3.8006200e-001  6.2101300e-001  1.1111100e-001  2.3513000e-001  0.0000000e+000  0.0000000e+000
  2.0983300e-001  3.7894700e-001  7.6837400e-001  3.5514000e-001  6.3039400e-001  9.8228700e-002  2.2583600e-001  0.0000000e+000  0.0000000e+000
  4.5522400e-001  3.4887200e-001  8.1291800e-001  1.8068500e-001  4.5215800e-001  3.0595800e-002  4.1078100e-001  0.0000000e+000  3.3333300e-001
  8.0772600e-002  5.5188000e-001  3.8752800e-001  3.8940800e-001  8.8930600e-001  0.0000000e+000  2.0074300e-001  0.0000000e+000  0.0000000e+000
  4.8639200e-001  3.7293200e-001  8.3964400e-001  1.5576300e-001  4.0900600e-001  2.0934000e-002  4.2658000e-001  0.0000000e+000  0.0000000e+000
  2.7568000e-001  2.2105300e-001  7.2383100e-001  2.7102800e-001  7.0168900e-001  9.9839000e-002  3.2249100e-001  0.0000000e+000  4.7058800e-001
  2.4187900e-001  3.2030100e-001  0.0000000e+000  4.7975100e-001  7.6360200e-001  1.5620000e-001  4.4052000e-001  0.0000000e+000  0.0000000e+000
  1.7515400e-001  4.9323300e-001  5.9688200e-001  1.0000000e+000  1.5009400e-002  2.7053100e-001  4.0892200e-002  6.9841300e-001  0.0000000e+000
  3.2089600e-001  4.0300800e-001  8.6637000e-001  3.2398800e-001  4.8217600e-001  8.2125600e-002  2.6487000e-001  0.0000000e+000  0.0000000e+000
  3.7357300e-001  6.0751900e-001  8.3518900e-001  0.0000000e+000  4.1463400e-001  4.8309200e-003  3.3178400e-001  0.0000000e+000  0.0000000e+000
  2.8358200e-001  3.1278200e-001  7.8841900e-001  2.9283500e-001  6.4352700e-001  9.3397700e-002  2.7509300e-001  0.0000000e+000  0.0000000e+000
  4.3195800e-001  4.4511300e-001  7.9955500e-001  2.5856700e-001  4.0337700e-001  1.4492800e-002  3.6895900e-001  0.0000000e+000  0.0000000e+000
  2.4495200e-001  3.8646600e-001  8.1069000e-001  3.8629300e-001  5.1031900e-001  1.0467000e-001  2.4163600e-001  0.0000000e+000  5.6862700e-001
  2.9894600e-001  4.1654100e-001  7.4833000e-001  4.1744500e-001  3.9962500e-001  9.1787400e-002  3.1412600e-001  0.0000000e+000  1.7647100e-001
  2.3573300e-001  4.2556400e-001  7.9510000e-001  3.6760100e-001  4.9531000e-001  1.0306000e-001  2.3513000e-001  0.0000000e+000  0.0000000e+000
  3.1343300e-001  3.7744400e-001  8.6859700e-001  3.4891000e-001  4.7279500e-001  8.8566800e-002  2.6765800e-001  0.0000000e+000  1.9607800e-001
  4.8200200e-001  5.2330800e-001  8.5078000e-001  5.6074800e-002  3.6773000e-001  1.7713400e-002  3.8475800e-001  0.0000000e+000  0.0000000e+000
  2.8094800e-001  3.4135300e-001  8.0178200e-001  3.3333300e-001  5.9662300e-001  9.1787400e-002  2.7602200e-001  0.0000000e+000  2.1568600e-001
  0.0000000e+000  1.0000000e+000  0.0000000e+000  1.5576300e-002  1.0506600e+000  0.0000000e+000  1.1338300e-001  0.0000000e+000  0.0000000e+000
  3.0333600e-001  3.4135300e-001  8.4632500e-001  2.4610600e-001  6.1163200e-001  9.0177100e-002  2.7416400e-001  0.0000000e+000  2.3529400e-001
  2.1861300e-001  4.7368400e-001  3.9643700e-001  4.6729000e-001  6.1726100e-001  0.0000000e+000  3.0111500e-001  2.4127000e-001  0.0000000e+000
  5.2019300e-001  3.8797000e-001  7.9732700e-001  1.6510900e-001  4.0900600e-001  1.9323700e-002  4.4052000e-001  0.0000000e+000  5.8823500e-002
  2.7216900e-001  3.4436100e-001  7.8841900e-001  4.3613700e-001  5.4784200e-001  8.6956500e-002  2.7974000e-001  0.0000000e+000  1.3725500e-001
  2.0939400e-001  3.2030100e-001  7.8396400e-001  5.7009300e-001  5.3470900e-001  1.1111100e-001  2.3605900e-001  0.0000000e+000  0.0000000e+000
  2.0017600e-001  2.9924800e-001  7.7060100e-001  3.9563900e-001  6.3602300e-001  1.0789000e-001  2.4721200e-001  0.0000000e+000  4.7058800e-001
  3.2177300e-001  4.3759400e-001  8.6191500e-001  3.0529600e-001  4.0337700e-001  8.6956500e-002  2.6858700e-001  0.0000000e+000  6.2745100e-001
  3.1870100e-001  3.4436100e-001  8.0623600e-001  2.3987500e-001  4.7467200e-001  1.0306000e-001  3.4386600e-001  0.0000000e+000  2.9411800e-001
  2.3266000e-001  6.3308300e-001  0.0000000e+000  4.9221200e-001  6.1913700e-001  0.0000000e+000  3.0111500e-001  4.3809500e-001  0.0000000e+000
  2.9016700e-001  4.2105300e-001  7.5946500e-001  3.8317800e-001  4.1838600e-001  9.3397700e-002  3.1226800e-001  0.0000000e+000  0.0000000e+000
  2.1378400e-001  6.1954900e-001  0.0000000e+000  6.5109000e-001  6.5103200e-001  0.0000000e+000  3.0948000e-001  2.0317500e-001  1.7647100e-001
  2.3309900e-001  3.4736800e-001  7.5723800e-001  3.0218100e-001  6.0037500e-001  8.3735900e-002  2.9275100e-001  0.0000000e+000  0.0000000e+000
  4.6400400e-001  4.1804500e-001  8.5968800e-001  1.8380100e-001  3.7148200e-001  3.7037000e-002  3.8197000e-001  0.0000000e+000  2.1568600e-001
  5.5048300e-001  4.0751900e-001  0.0000000e+000  4.0186900e-001  4.5215800e-001  5.1529800e-002  6.3290000e-001  0.0000000e+000  0.0000000e+000
  3.9727800e-001  4.8872200e-001  3.0066800e-001  4.1744500e-001  3.6585400e-001  6.2801900e-002  4.7676600e-001  0.0000000e+000  3.5294100e-001
  3.4460100e-001  4.1503800e-001  7.7505600e-001  3.3021800e-001  4.0150100e-001  8.8566800e-002  3.3178400e-001  0.0000000e+000  0.0000000e+000
  2.6558400e-001  3.9849600e-001  7.7951000e-001  2.6791300e-001  5.7035600e-001  8.0515300e-002  2.7881000e-001  0.0000000e+000  0.0000000e+000
  3.0553100e-001  3.3533800e-001  6.5924300e-001  3.5514000e-001  5.8349000e-001  9.6618400e-002  3.1226800e-001  4.4444400e-002  0.0000000e+000
  3.5952600e-001  4.3759400e-001  7.8841900e-001  1.4330200e-001  5.3283300e-001  2.5764900e-002  3.2156100e-001  4.7619000e-002  4.7058800e-001
  2.1027200e-001  3.5488700e-001  7.8396400e-001  3.9252300e-001  5.7410900e-001  1.0950100e-001  2.4349400e-001  0.0000000e+000  1.7647100e-001
  4.8112400e-001  5.2030100e-001  8.4187100e-001  1.9314600e-001  2.9080700e-001  3.7037000e-002  3.4479600e-001  0.0000000e+000  7.2549000e-001
  2.4363500e-001  3.7744400e-001  7.9510000e-001  3.3956400e-001  5.4221400e-001  9.0177100e-002  2.7974000e-001  0.0000000e+000  1.9607800e-001
  3.1431100e-001  5.5037600e-001  0.0000000e+000  4.7663600e-001  5.7223300e-001  2.2705300e-001  9.6654300e-002  9.1428600e-001  0.0000000e+000
  4.6619800e-001  3.7142900e-001  8.1959900e-001  2.6791300e-001  5.5159500e-001  8.6956500e-002  2.8717500e-001  0.0000000e+000  0.0000000e+000
  4.8068500e-001  4.5112800e-001  8.5523400e-001  1.3395600e-001  3.6585400e-001  2.7375200e-002  4.0055800e-001  0.0000000e+000  0.0000000e+000
  4.3898200e-002  3.3985000e-001  7.7282900e-001  2.5856700e-001  5.9474700e-001  9.9839000e-002  2.7137500e-001  0.0000000e+000  6.0784300e-001
  3.0070200e-001  4.4812000e-001  8.7527800e-001  3.8940800e-001  3.7523500e-001  8.6956500e-002  2.5836400e-001  0.0000000e+000  2.9411800e-001
  4.8200200e-001  5.2330800e-001  8.5078000e-001  5.6074800e-002  3.6773000e-001  1.7713400e-002  3.8475800e-001  0.0000000e+000  0.0000000e+000
  4.6400400e-001  4.1353400e-001  8.3296200e-001  1.9003100e-001  4.1275800e-001  2.8985500e-002  3.8847600e-001  0.0000000e+000  1.3725500e-001
  1.9359100e-001  4.7218000e-001  0.0000000e+000  7.0093500e-001  6.4165100e-001  2.2544300e-002  3.6988800e-001  2.5714300e-001  1.9607800e-002
  2.1115000e-001  3.0977400e-001  8.0400900e-001  4.1433000e-001  5.9287100e-001  1.0306000e-001  2.4535300e-001  0.0000000e+000  5.0980400e-001
  2.8007000e-001  2.7669200e-001  7.7282900e-001  3.3956400e-001  6.7167000e-001  9.6618400e-002  2.8996300e-001  0.0000000e+000  1.1764700e-001
  2.6865700e-001  5.9699200e-001  0.0000000e+000  6.3862900e-001  6.5103200e-001  0.0000000e+000  3.2713800e-001  2.0952400e-001  0.0000000e+000
  2.0851600e-001  3.7744400e-001  7.4387500e-001  3.6760100e-001  6.1726100e-001  6.2801900e-002  2.5929400e-001  0.0000000e+000  0.0000000e+000
  2.6602300e-001  3.2180500e-001  7.7505600e-001  3.2398800e-001  6.0600400e-001  9.0177100e-002  2.7881000e-001  0.0000000e+000  0.0000000e+000
  2.9367900e-001  3.5338300e-001  7.7728300e-001  3.0841100e-001  5.7223300e-001  9.6618400e-002  2.8438700e-001  0.0000000e+000  0.0000000e+000
  2.5197500e-001  2.9172900e-001  6.4142500e-001  4.4236800e-001  6.3789900e-001  1.1755200e-001  2.8903300e-001  0.0000000e+000  0.0000000e+000
  5.2897300e-001  4.4962400e-001  8.2850800e-001  6.8535800e-002  3.6397700e-001  1.4492800e-002  4.3029700e-001  0.0000000e+000  3.1372500e-001
  2.9148400e-001  3.7293200e-001  7.5501100e-001  3.2398800e-001  5.5347100e-001  9.5008100e-002  2.9368000e-001  0.0000000e+000  0.0000000e+000
  3.7840200e-001  4.6315800e-001  7.9732700e-001  3.2087200e-001  3.5834900e-001  1.9323700e-002  3.0111500e-001  2.1904800e-001  0.0000000e+000
  3.1870100e-001  3.3082700e-001  8.3296200e-001  2.5545200e-001  4.6341500e-001  1.0306000e-001  3.2806700e-001  0.0000000e+000  4.3137300e-001
  2.9148400e-001  4.3759400e-001  8.1291800e-001  1.1215000e-001  5.9849900e-001  9.6618400e-003  3.2527900e-001  0.0000000e+000  0.0000000e+000
  2.7875300e-001  3.1428600e-001  7.9064600e-001  3.7383200e-001  5.5159500e-001  8.6956500e-002  2.8717500e-001  0.0000000e+000  3.7254900e-001
  2.7787500e-001  3.2030100e-001  7.9287300e-001  3.0529600e-001  6.3789900e-001  8.6956500e-002  2.7416400e-001  0.0000000e+000  3.3333300e-001
  2.7524100e-001  3.8195500e-001  8.0623600e-001  2.9595000e-001  6.1350800e-001  8.8566800e-002  2.4535300e-001  0.0000000e+000  0.0000000e+000
  3.3230900e-001  3.3082700e-001  8.1514500e-001  3.9563900e-001  5.0656700e-001  9.3397700e-002  2.8996300e-001  0.0000000e+000  2.3529400e-001
  2.8446000e-001  3.1127800e-001  8.1514500e-001  3.0529600e-001  6.0037500e-001  9.6618400e-002  2.9089200e-001  0.0000000e+000  0.0000000e+000
  2.0149300e-001  6.2105300e-001  8.1737200e-001  4.5171300e-001  3.8649200e-001  2.5764900e-002  1.7936800e-001  0.0000000e+000  2.3529400e-001
  2.2651400e-001  3.9248100e-001  7.9510000e-001  3.9875400e-001  5.7410900e-001  9.8228700e-002  2.2862500e-001  0.0000000e+000  0.0000000e+000
  4.5478500e-001  4.5112800e-002  3.8084600e-001  3.9563900e-001  6.8105100e-001  9.3397700e-002  5.7527900e-001  0.0000000e+000  0.0000000e+000
  2.3529400e-001  5.4887200e-001  0.0000000e+000  5.1401900e-001  7.1294600e-001  0.0000000e+000  2.8345700e-001  4.9841300e-001  0.0000000e+000
  4.8595300e-001  5.5639100e-001  0.0000000e+000  2.2118400e-001  5.3658500e-001  1.6103100e-002  5.6598500e-001  0.0000000e+000  1.5686300e-001
  4.4161500e-001  4.9624100e-001  8.3741600e-001  9.0342700e-002  3.7148200e-001  1.7713400e-002  3.9219300e-001  0.0000000e+000  0.0000000e+000
  7.2958700e-001  2.8721800e-001  0.0000000e+000  1.1838000e-001  4.1463400e-001  9.6618400e-003  8.3364300e-001  0.0000000e+000  0.0000000e+000
  2.2300300e-001  5.1278200e-001  0.0000000e+000  8.0685400e-001  5.2532800e-001  1.2882400e-002  3.4851300e-001  3.3650800e-001  0.0000000e+000
  5.4872700e-001  7.6090200e-001  4.0757200e-001  3.1775700e-001  1.1632300e-001  4.9919500e-002  2.9553900e-001  5.3333300e-001  0.0000000e+000
  2.7743600e-001  3.1729300e-001  7.7951000e-001  2.6479800e-001  6.4915600e-001  9.0177100e-002  2.8996300e-001  0.0000000e+000  0.0000000e+000
  3.2352900e-001  5.0526300e-001  4.8775100e-001  4.2679100e-001  5.3658500e-001  0.0000000e+000  3.6152400e-001  0.0000000e+000  0.0000000e+000
  4.1703200e-001  5.4586500e-001  0.0000000e+000  5.3894100e-001  6.7729800e-001  0.0000000e+000  2.7974000e-001  5.2063500e-001  0.0000000e+000
  2.5021900e-001  6.3007500e-001  0.0000000e+000  5.2959500e-001  6.0975600e-001  0.0000000e+000  2.7602200e-001  5.0476200e-001  0.0000000e+000
  3.1738400e-001  5.3985000e-001  7.2605800e-001  6.0124600e-001  2.7016900e-001  2.3510500e-001  3.3457200e-002  5.1746000e-001  0.0000000e+000
  3.4372300e-001  4.2857100e-001  7.4610200e-001  2.9283500e-001  4.2589100e-001  9.5008100e-002  3.2342000e-001  0.0000000e+000  0.0000000e+000
  2.2388100e-001  3.9548900e-001  7.9732700e-001  3.7383200e-001  5.4596600e-001  7.2463800e-002  2.5836400e-001  0.0000000e+000  0.0000000e+000
  2.2563700e-001  2.9774400e-001  7.4164800e-001  3.7383200e-001  6.5103200e-001  1.0789000e-001  2.6115200e-001  0.0000000e+000  0.0000000e+000
  2.4539100e-001  3.0977400e-001  7.8396400e-001  3.8940800e-001  6.6604100e-001  1.0628000e-001  2.2955400e-001  0.0000000e+000  0.0000000e+000
  2.9762900e-001  3.7293200e-001  7.7505600e-001  3.4891000e-001  5.3095700e-001  9.5008100e-002  2.7881000e-001  0.0000000e+000  0.0000000e+000
  4.5522400e-001  3.5939800e-001  7.9732700e-001  1.9003100e-001  4.4840500e-001  3.7037000e-002  4.0799300e-001  0.0000000e+000  3.1372500e-001
  3.2704100e-001  3.9548900e-001  7.6392000e-001  3.5514000e-001  4.5966200e-001  8.2125600e-002  2.9461000e-001  0.0000000e+000  0.0000000e+000
  7.1290600e-001  4.3609000e-002  0.0000000e+000  1.4330200e-001  6.1350800e-001  0.0000000e+000  8.8568800e-001  0.0000000e+000  0.0000000e+000
  2.2080800e-001  3.4285700e-001  7.7951000e-001  3.7071700e-001  5.7786100e-001  9.6618400e-002  2.5000000e-001  0.0000000e+000  0.0000000e+000
  2.5987700e-001  4.1353400e-001  7.7505600e-001  4.4236800e-001  5.0844300e-001  9.9839000e-002  2.3791800e-001  0.0000000e+000  0.0000000e+000
  2.4144000e-001  3.6240600e-001  7.6837400e-001  4.5794400e-001  5.0093800e-001  9.6618400e-002  2.7416400e-001  0.0000000e+000  3.3333300e-001
  3.7489000e-001  5.7594000e-001  0.0000000e+000  8.4112100e-002  6.8855500e-001  0.0000000e+000  5.3810400e-001  0.0000000e+000  0.0000000e+000
  3.4679500e-001  4.3157900e-001  8.0623600e-001  2.5545200e-001  5.3095700e-001  2.2544300e-002  3.0948000e-001  0.0000000e+000  0.0000000e+000
  2.8489900e-001  3.3834600e-001  7.8841900e-001  2.8660400e-001  5.9849900e-001  1.0467000e-001  2.8810400e-001  0.0000000e+000  0.0000000e+000
  2.6031600e-001  4.4962400e-001  8.1959900e-001  4.7352000e-001  4.2213900e-001  1.0306000e-001  2.2769500e-001  0.0000000e+000  0.0000000e+000
  2.7919200e-001  3.1278200e-001  7.9510000e-001  3.3021800e-001  6.0225100e-001  9.9839000e-002  2.9368000e-001  0.0000000e+000  0.0000000e+000
  3.1782300e-001  3.1879700e-001  8.1737200e-001  2.9595000e-001  5.1782400e-001  9.9839000e-002  3.0204500e-001  0.0000000e+000  6.8627500e-001
  2.7085200e-001  6.3458600e-001  0.0000000e+000  4.7040500e-001  5.9662300e-001  0.0000000e+000  2.9553900e-001  4.9206300e-001  0.0000000e+000
  2.0807700e-001  3.2330800e-001  7.6392000e-001  3.4579400e-001  6.5103200e-001  1.1111100e-001  2.4349400e-001  0.0000000e+000  4.7058800e-001
  2.9938500e-001  3.0225600e-001  7.7505600e-001  3.3021800e-001  5.9099400e-001  1.0306000e-001  3.0204500e-001  0.0000000e+000  0.0000000e+000
  3.1123800e-001  3.2180500e-001  7.7505600e-001  3.1152600e-001  5.8911800e-001  9.6618400e-002  2.7881000e-001  0.0000000e+000  0.0000000e+000
  2.3924500e-001  3.3985000e-001  7.0824100e-001  2.9283500e-001  5.9287100e-001  9.3397700e-002  3.1412600e-001  0.0000000e+000  4.7058800e-001
  2.3266000e-001  4.0150400e-001  7.7728300e-001  3.8317800e-001  5.3283300e-001  1.0789000e-001  2.4628300e-001  0.0000000e+000  1.9607800e-001
  7.0237100e-003  4.4511300e-001  7.1269500e-001  4.7352000e-001  5.6285200e-001  2.8341400e-001  0.0000000e+000  3.7777800e-001  0.0000000e+000
  2.7260800e-001  3.0827100e-001  8.0623600e-001  3.1152600e-001  5.5909900e-001  9.5008100e-002  3.0390300e-001  0.0000000e+000  0.0000000e+000
  7.0676000e-001  4.6165400e-001  7.0155900e-001  1.1526500e-001  1.4258900e-001  1.2882400e-002  5.7713800e-001  0.0000000e+000  0.0000000e+000
  2.7568000e-001  3.8646600e-001  8.0178200e-001  2.6479800e-001  6.1538500e-001  9.3397700e-002  2.5464700e-001  0.0000000e+000  0.0000000e+000
  2.6163300e-001  5.2631600e-001  0.0000000e+000  5.5763200e-001  6.6604100e-001  0.0000000e+000  2.9646800e-001  5.3015900e-001  0.0000000e+000
  3.4942900e-001  4.7669200e-001  8.3073500e-001  2.7725900e-001  4.3339600e-001  9.6618400e-003  3.2156100e-001  0.0000000e+000  0.0000000e+000
  2.2300300e-001  5.2180500e-001  0.0000000e+000  7.7881600e-001  6.8480300e-001  6.4412200e-003  3.3550200e-001  1.2698400e-001  1.7647100e-001
  8.8235300e-001  0.0000000e+000  0.0000000e+000  5.6386300e-001  0.0000000e+000  9.3397700e-002  7.3141300e-001  1.0000000e+000  5.4902000e-001
  3.2309000e-001  3.7142900e-001  8.0846300e-001  2.4299100e-001  5.6660400e-001  9.1787400e-002  2.7695200e-001  2.8571400e-002  3.3333300e-001
  1.9929800e-001  3.7744400e-001  7.7728300e-001  3.6760100e-001  6.4540300e-001  6.1191600e-002  2.4163600e-001  0.0000000e+000  0.0000000e+000
  2.5241400e-001  3.9097700e-001  7.8841900e-001  4.1121500e-001  5.1219500e-001  1.0950100e-001  2.4907100e-001  0.0000000e+000  0.0000000e+000
  2.2036900e-001  6.3458600e-001  0.0000000e+000  6.1682200e-001  6.5478400e-001  0.0000000e+000  3.0483300e-001  2.1269800e-001  0.0000000e+000
  2.8358200e-001  4.7518800e-001  8.0178200e-001  3.3333300e-001  5.4784200e-001  7.7294700e-002  2.2304800e-001  0.0000000e+000  0.0000000e+000
  2.1115000e-001  3.4436100e-001  7.9287300e-001  3.8940800e-001  6.1913700e-001  1.1594200e-001  2.2955400e-001  0.0000000e+000  0.0000000e+000
  2.8709400e-001  4.3909800e-001  8.1514500e-001  2.5545200e-001  5.5534700e-001  1.7713400e-002  2.9461000e-001  0.0000000e+000  0.0000000e+000
  2.0851600e-001  3.1428600e-001  7.8396400e-001  5.0155800e-001  5.7223300e-001  1.1111100e-001  2.3605900e-001  0.0000000e+000  0.0000000e+000
  3.3933300e-001  6.4060200e-001  1.7371900e-001  4.5171300e-001  5.0469000e-001  0.0000000e+000  4.2007400e-001  0.0000000e+000  0.0000000e+000
  3.0948200e-001  2.8421100e-001  6.1469900e-001  1.6822400e-001  7.5046900e-001  5.6360700e-002  3.7081800e-001  0.0000000e+000  3.9215700e-001
  2.3705000e-001  3.0375900e-001  6.3474400e-001  3.5825500e-001  6.4915600e-001  9.1787400e-002  3.1226800e-001  3.4920600e-002  4.3137300e-001
  2.1729600e-001  4.0451100e-001  7.5723800e-001  2.8972000e-001  5.4033800e-001  9.5008100e-002  2.6858700e-001  0.0000000e+000  0.0000000e+000
  2.9455700e-001  3.0075200e-001  7.6392000e-001  2.8037400e-001  5.8911800e-001  9.9839000e-002  3.0948000e-001  0.0000000e+000  5.8823500e-001
  2.5109700e-001  3.7594000e-001  7.8841900e-001  3.7071700e-001  5.6848000e-001  9.0177100e-002  2.4814100e-001  0.0000000e+000  0.0000000e+000
  5.2677800e-001  4.0751900e-001  7.4387500e-001  2.9283500e-001  4.8217600e-001  9.6618400e-002  3.1598500e-001  0.0000000e+000  0.0000000e+000
  2.3705000e-001  4.0300800e-001  7.5501100e-001  3.0841100e-001  5.3095700e-001  8.3735900e-002  2.9925700e-001  0.0000000e+000  0.0000000e+000
  3.2133500e-001  3.5639100e-001  8.8418700e-001  2.8037400e-001  4.9343300e-001  9.6618400e-002  2.7881000e-001  0.0000000e+000  0.0000000e+000
  1.2906100e-001  5.2932300e-001  6.8819600e-001  5.5763200e-001  4.6341500e-001  1.7713400e-001  1.5334600e-001  0.0000000e+000  0.0000000e+000
  4.9692700e-001  6.2105300e-001  4.8997800e-001  5.5140200e-001  8.4427800e-002  1.2238300e-001  4.0241600e-001  0.0000000e+000  0.0000000e+000
